# ------------------------------
# XFoil Interface for Python
# ------------------------------
# 
# Airfoil,naca0018
# Reynolds number,120000
# Ncrit,9.0
# Mach,0.0
# n_node,250
# max_iter, 300
# ------------------------------
# alpha_deg, cl, cd, cm, cpmin, top_xtr, bot_xtr
-2.000000000000000000e+01 -1.044646620750427246e+00 2.851505577564239502e-02 -1.127660553902387619e-02 -3.247787952423095703e+00 1.000000000000000000e+00 1.000000000000000000e+00
-1.000000000000000000e+01 -1.044646620750427246e+00 2.851505577564239502e-02 -1.127660553902387619e-02 -3.247787952423095703e+00 1.000000000000000000e+00 1.000000000000000000e+00
-9.900000000000000355e+00 -1.042495489120483398e+00 2.821112051606178284e-02 -9.848955087363719940e-03 -3.223944425582885742e+00 1.000000000000000000e+00 1.000000000000000000e+00
-9.800000000000000711e+00 -1.034802436828613281e+00 2.793722972273826599e-02 -9.357186034321784973e-03 -3.184908151626586914e+00 1.000000000000000000e+00 1.000000000000000000e+00
-9.699999999999999289e+00 -1.030545473098754883e+00 2.768675237894058228e-02 -8.268526755273342133e-03 -3.154734849929809570e+00 1.000000000000000000e+00 1.000000000000000000e+00
-9.599999999999999645e+00 -1.028966546058654785e+00 2.741945907473564148e-02 -6.714312359690666199e-03 -3.132125616073608398e+00 1.000000000000000000e+00 1.000000000000000000e+00
-9.500000000000000000e+00 -1.022167563438415527e+00 2.713632956147193909e-02 -6.063102278858423233e-03 -3.095825910568237305e+00 1.000000000000000000e+00 1.000000000000000000e+00
-9.400000000000000355e+00 -1.017185449600219727e+00 2.690067328512668610e-02 -5.083588883280754089e-03 -3.064222574234008789e+00 1.000000000000000000e+00 1.000000000000000000e+00
-9.300000000000000711e+00 -1.014625310897827148e+00 2.665435709059238434e-02 -3.680427093058824539e-03 -3.039837598800659180e+00 1.000000000000000000e+00 1.000000000000000000e+00
-9.199999999999999289e+00 -1.009444355964660645e+00 2.638464607298374176e-02 -2.737660193815827370e-03 -3.008903741836547852e+00 1.000000000000000000e+00 1.000000000000000000e+00
-9.099999999999999645e+00 -1.004128813743591309e+00 2.615869417786598206e-02 -1.806512009352445602e-03 -2.977043151855468750e+00 1.000000000000000000e+00 1.000000000000000000e+00
-9.000000000000000000e+00 -1.001022934913635254e+00 2.592932619154453278e-02 -4.855654260609298944e-04 -2.951259374618530273e+00 1.000000000000000000e+00 1.000000000000000000e+00
-8.900000000000000355e+00 -9.963920712471008301e-01 2.567553333938121796e-02 5.626754718832671642e-04 -2.921818733215332031e+00 1.000000000000000000e+00 1.000000000000000000e+00
-8.800000000000000711e+00 -9.910306930541992188e-01 2.545966394245624542e-02 1.491907052695751190e-03 -2.889970541000366211e+00 1.000000000000000000e+00 1.000000000000000000e+00
-8.699999999999999289e+00 -9.876850247383117676e-01 2.524365484714508057e-02 2.778623485937714577e-03 -2.863708257675170898e+00 1.000000000000000000e+00 1.000000000000000000e+00
-8.599999999999999645e+00 -9.829229116439819336e-01 2.500500343739986420e-02 3.809116082265973091e-03 -2.834780931472778320e+00 1.000000000000000000e+00 1.000000000000000000e+00
-8.500000000000000000e+00 -9.777107834815979004e-01 2.480137348175048828e-02 4.768491256982088089e-03 -2.804421663284301758e+00 1.000000000000000000e+00 1.000000000000000000e+00
-8.400000000000000355e+00 -9.743808507919311523e-01 2.459754794836044312e-02 6.061122752726078033e-03 -2.779277324676513672e+00 1.000000000000000000e+00 1.000000000000000000e+00
-8.300000000000000711e+00 -9.690400362014770508e-01 2.437310852110385895e-02 6.991547998040914536e-03 -2.749098539352416992e+00 1.000000000000000000e+00 1.000000000000000000e+00
-8.199999999999999289e+00 -9.640721082687377930e-01 2.418239228427410126e-02 7.995610125362873077e-03 -2.719605445861816406e+00 1.000000000000000000e+00 1.000000000000000000e+00
-8.099999999999999645e+00 -9.610053896903991699e-01 2.399141341447830200e-02 9.333743713796138763e-03 -2.695430517196655273e+00 1.000000000000000000e+00 1.000000000000000000e+00
-8.000000000000000000e+00 -9.547592997550964355e-01 2.378169447183609009e-02 1.010419987142086029e-02 -2.662990331649780273e+00 1.000000000000000000e+00 1.000000000000000000e+00
-7.900000000000000355e+00 -9.500805735588073730e-01 2.360231056809425354e-02 1.115751173347234726e-02 -2.635409832000732422e+00 1.000000000000000000e+00 1.000000000000000000e+00
-7.799999999999999822e+00 -9.457949399948120117e-01 2.340814098715782166e-02 1.227249577641487122e-02 -2.609279870986938477e+00 1.000000000000000000e+00 1.000000000000000000e+00
-7.699999999999999289e+00 -9.400680065155029297e-01 2.323070913553237915e-02 1.313703972846269608e-02 -2.579172134399414062e+00 1.000000000000000000e+00 1.000000000000000000e+00
-7.599999999999999645e+00 -9.357975721359252930e-01 2.306265011429786682e-02 1.425539143383502960e-02 -2.553126335144042969e+00 1.000000000000000000e+00 1.000000000000000000e+00
-7.500000000000000000e+00 -9.302358627319335938e-01 2.287766151130199432e-02 1.514100376516580582e-02 -2.523901462554931641e+00 1.000000000000000000e+00 1.000000000000000000e+00
-7.400000000000000355e+00 -9.249854087829589844e-01 2.271988242864608765e-02 1.608473807573318481e-02 -2.495376586914062500e+00 1.000000000000000000e+00 1.000000000000000000e+00
-7.299999999999999822e+00 -9.203838706016540527e-01 2.255358919501304626e-02 1.713269017636775970e-02 -2.469467163085937500e+00 1.000000000000000000e+00 1.000000000000000000e+00
-7.199999999999999289e+00 -9.143761396408081055e-01 2.239596843719482422e-02 1.793900690972805023e-02 -2.440084218978881836e+00 1.000000000000000000e+00 1.000000000000000000e+00
-7.099999999999999645e+00 -9.096056222915649414e-01 2.225208096206188202e-02 1.895383000373840332e-02 -2.414186954498291016e+00 1.000000000000000000e+00 1.000000000000000000e+00
-7.000000000000000000e+00 -9.035965800285339355e-01 2.209476195275783539e-02 1.975072361528873444e-02 -2.385235309600830078e+00 1.000000000000000000e+00 1.000000000000000000e+00
-6.900000000000000355e+00 -8.980461955070495605e-01 2.196175605058670044e-02 2.062649093568325043e-02 -2.357506990432739258e+00 1.000000000000000000e+00 1.000000000000000000e+00
-6.799999999999999822e+00 -8.925315737724304199e-01 2.181824296712875366e-02 2.149809710681438446e-02 -2.330229520797729492e+00 1.000000000000000000e+00 1.000000000000000000e+00
-6.699999999999999289e+00 -8.864215016365051270e-01 2.169249393045902252e-02 2.227227762341499329e-02 -2.302084922790527344e+00 1.000000000000000000e+00 1.000000000000000000e+00
-6.599999999999999645e+00 -8.811752200126647949e-01 2.156910486519336700e-02 2.317844890058040619e-02 -2.276575565338134766e+00 1.000000000000000000e+00 1.000000000000000000e+00
-6.500000000000000000e+00 -8.745965361595153809e-01 2.144369110465049744e-02 2.386534959077835083e-02 -2.247594356536865234e+00 1.000000000000000000e+00 1.000000000000000000e+00
-6.400000000000000355e+00 -8.690490722656250000e-01 2.133530378341674805e-02 2.471159212291240692e-02 -2.221519470214843750e+00 1.000000000000000000e+00 1.000000000000000000e+00
-6.299999999999999822e+00 -8.625355958938598633e-01 2.121534571051597595e-02 2.539706416428089142e-02 -2.193074941635131836e+00 1.000000000000000000e+00 1.000000000000000000e+00
-6.199999999999999289e+00 -8.565245866775512695e-01 2.111600339412689209e-02 2.615788951516151428e-02 -2.166674137115478516e+00 1.000000000000000000e+00 1.000000000000000000e+00
-6.099999999999999645e+00 -8.502316474914550781e-01 2.100749872624874115e-02 2.686394564807415009e-02 -2.139936447143554688e+00 1.000000000000000000e+00 1.000000000000000000e+00
-6.000000000000000000e+00 -8.438844084739685059e-01 2.091678231954574585e-02 2.756032720208168030e-02 -2.113049983978271484e+00 1.000000000000000000e+00 1.000000000000000000e+00
-5.899999999999999467e+00 -8.376963734626770020e-01 2.082062326371669769e-02 2.826600149273872375e-02 -2.086888551712036133e+00 1.000000000000000000e+00 1.000000000000000000e+00
-5.799999999999999822e+00 -8.310849666595458984e-01 2.073723636567592621e-02 2.890934981405735016e-02 -2.059671401977539062e+00 1.000000000000000000e+00 1.000000000000000000e+00
-5.700000000000000178e+00 -8.249452114105224609e-01 2.065508067607879639e-02 2.960387989878654480e-02 -2.034662485122680664e+00 1.000000000000000000e+00 1.000000000000000000e+00
-5.599999999999999645e+00 -8.181161880493164062e-01 2.057760581374168396e-02 3.020096570253372192e-02 -2.007858037948608398e+00 1.000000000000000000e+00 1.000000000000000000e+00
-5.500000000000000000e+00 -8.119894862174987793e-01 2.051041461527347565e-02 3.087710402905941010e-02 -1.983135223388671875e+00 1.000000000000000000e+00 1.000000000000000000e+00
-5.399999999999999467e+00 -8.049821853637695312e-01 2.043808065354824066e-02 3.143366053700447083e-02 -1.956164479255676270e+00 1.000000000000000000e+00 1.000000000000000000e+00
-5.299999999999999822e+00 -7.987279891967773438e-01 2.038301900029182434e-02 3.207192197442054749e-02 -1.931902885437011719e+00 1.000000000000000000e+00 1.000000000000000000e+00
-5.199999999999999289e+00 -7.869107127189636230e-01 2.032513171434402466e-02 3.170617669820785522e-02 -1.898758888244628906e+00 1.000000000000000000e+00 1.000000000000000000e+00
-5.099999999999999645e+00 -7.689230442047119141e-01 2.030046284198760986e-02 3.014576621353626251e-02 -1.857301950454711914e+00 1.000000000000000000e+00 1.000000000000000000e+00
-5.000000000000000000e+00 -7.505117654800415039e-01 2.030121721327304840e-02 2.854415774345397949e-02 -1.815880298614501953e+00 1.000000000000000000e+00 1.000000000000000000e+00
-4.899999999999999467e+00 -7.334725856781005859e-01 2.025074325501918793e-02 2.721269056200981140e-02 -1.776942014694213867e+00 1.000000000000000000e+00 1.000000000000000000e+00
-4.799999999999999822e+00 -7.154321670532226562e-01 2.023327536880970001e-02 2.567581459879875183e-02 -1.737428307533264160e+00 1.000000000000000000e+00 1.000000000000000000e+00
-4.699999999999999289e+00 -6.981636285781860352e-01 2.020369283854961395e-02 2.433546818792819977e-02 -1.699576258659362793e+00 1.000000000000000000e+00 1.000000000000000000e+00
-4.599999999999999645e+00 -6.812314391136169434e-01 2.015969343483448029e-02 2.306097745895385742e-02 -1.662544369697570801e+00 1.000000000000000000e+00 1.000000000000000000e+00
-4.500000000000000000e+00 -6.625538468360900879e-01 2.014390751719474792e-02 2.143711224198341370e-02 -1.624548792839050293e+00 1.000000000000000000e+00 1.000000000000000000e+00
-4.399999999999999467e+00 -6.472393870353698730e-01 2.008620090782642365e-02 2.052804268896579742e-02 -1.590746283531188965e+00 1.000000000000000000e+00 1.000000000000000000e+00
-4.299999999999999822e+00 -6.296722888946533203e-01 2.004371024668216705e-02 1.916618645191192627e-02 -1.555135011672973633e+00 1.000000000000000000e+00 1.000000000000000000e+00
-4.199999999999999289e+00 -6.122813820838928223e-01 2.000741288065910339e-02 1.784041523933410645e-02 -1.520412683486938477e+00 1.000000000000000000e+00 1.000000000000000000e+00
-4.099999999999999645e+00 -5.971140265464782715e-01 1.994553394615650177e-02 1.700814813375473022e-02 -1.488626241683959961e+00 1.000000000000000000e+00 1.000000000000000000e+00
-4.000000000000000000e+00 -5.787774324417114258e-01 1.989597454667091370e-02 1.553313527256250381e-02 -1.454047083854675293e+00 1.000000000000000000e+00 1.000000000000000000e+00
-3.899999999999999467e+00 -5.636836290359497070e-01 1.984210312366485596e-02 1.473038084805011749e-02 -1.423586726188659668e+00 1.000000000000000000e+00 1.000000000000000000e+00
-3.799999999999999822e+00 -5.474866628646850586e-01 1.977922394871711731e-02 1.372147724032402039e-02 -1.392608761787414551e+00 1.000000000000000000e+00 1.000000000000000000e+00
-3.699999999999999289e+00 -5.285757184028625488e-01 1.972498744726181030e-02 1.217405404895544052e-02 -1.359224438667297363e+00 1.000000000000000000e+00 1.000000000000000000e+00
-3.599999999999999645e+00 -5.150803923606872559e-01 1.966578699648380280e-02 1.175549533218145370e-02 -1.332172513008117676e+00 1.000000000000000000e+00 1.000000000000000000e+00
-3.500000000000000000e+00 -4.983415007591247559e-01 1.959767937660217285e-02 1.066838949918746948e-02 -1.302344083786010742e+00 1.000000000000000000e+00 1.000000000000000000e+00
-3.399999999999999467e+00 -4.787169098854064941e-01 1.953409984707832336e-02 9.090050123631954193e-03 -1.269793987274169922e+00 1.000000000000000000e+00 1.000000000000000000e+00
-3.299999999999999822e+00 -4.665260910987854004e-01 1.947224885225296021e-02 8.923285640776157379e-03 -1.245913863182067871e+00 1.000000000000000000e+00 1.000000000000000000e+00
-3.199999999999999289e+00 nan nan nan nan 1.000000000000000000e+00 1.000000000000000000e+00
-3.099999999999999645e+00 -4.293216466903686523e-01 1.931878924369812012e-02 6.229551509022712708e-03 -1.186167478561401367e+00 1.000000000000000000e+00 1.000000000000000000e+00
-3.000000000000000000e+00 -4.177612364292144775e-01 1.925437711179256439e-02 6.179986987262964249e-03 -1.164412856101989746e+00 1.000000000000000000e+00 1.000000000000000000e+00
-2.899999999999999467e+00 -4.003282487392425537e-01 1.917685940861701965e-02 5.110487341880798340e-03 -1.137163877487182617e+00 1.000000000000000000e+00 1.000000000000000000e+00
-2.799999999999999822e+00 -3.802179694175720215e-01 1.907834038138389587e-02 3.540273290127515793e-03 -1.107780098915100098e+00 1.000000000000000000e+00 1.000000000000000000e+00
-2.699999999999999289e+00 -3.668397665023803711e-01 1.900667510926723480e-02 3.183951601386070251e-03 -1.085815429687500000e+00 1.000000000000000000e+00 1.000000000000000000e+00
-2.599999999999999645e+00 -3.504334092140197754e-01 1.892923749983310699e-02 2.382178325206041336e-03 -1.060968399047851562e+00 1.000000000000000000e+00 1.000000000000000000e+00
-2.500000000000000000e+00 -3.315247595310211182e-01 1.881007477641105652e-02 1.055281842127442360e-03 -1.034635543823242188e+00 1.000000000000000000e+00 1.000000000000000000e+00
-2.399999999999999467e+00 -3.114109337329864502e-01 1.869129762053489685e-02 -3.747400769498199224e-04 -1.007662057876586914e+00 1.000000000000000000e+00 1.000000000000000000e+00
-2.299999999999999822e+00 -3.025272190570831299e-01 1.864358223974704742e-02 1.946873089764267206e-04 -9.912272095680236816e-01 1.000000000000000000e+00 1.000000000000000000e+00
-2.199999999999999289e+00 -2.852833271026611328e-01 1.852803304791450500e-02 -6.973224226385354996e-04 -9.679263830184936523e-01 1.000000000000000000e+00 1.000000000000000000e+00
-2.099999999999999645e+00 -2.662409842014312744e-01 1.839447207748889923e-02 -1.868520514108240604e-03 -9.433671236038208008e-01 1.000000000000000000e+00 1.000000000000000000e+00
-2.000000000000000000e+00 -2.574679553508758545e-01 1.834500953555107117e-02 -1.265379018150269985e-03 -9.282612800598144531e-01 1.000000000000000000e+00 1.000000000000000000e+00
-1.900000000000000355e+00 -2.407595217227935791e-01 1.823686808347702026e-02 -1.952696708030998707e-03 -9.064731597900390625e-01 1.000000000000000000e+00 1.000000000000000000e+00
-1.799999999999998934e+00 -2.237821817398071289e-01 1.808216609060764313e-02 -2.755276160314679146e-03 -8.852187991142272949e-01 1.000000000000000000e+00 1.000000000000000000e+00
-1.699999999999999289e+00 -2.134455293416976929e-01 1.806000433862209320e-02 -2.295664744451642036e-03 -8.694608211517333984e-01 1.000000000000000000e+00 1.000000000000000000e+00
-1.599999999999999645e+00 -1.991785168647766113e-01 1.793114095926284790e-02 -2.585136331617832184e-03 -8.510983586311340332e-01 1.000000000000000000e+00 1.000000000000000000e+00
-1.500000000000000000e+00 -1.813937127590179443e-01 1.780871860682964325e-02 -3.356717526912689209e-03 -8.301326036453247070e-01 1.000000000000000000e+00 1.000000000000000000e+00
-1.400000000000000355e+00 -1.732479631900787354e-01 1.776925660669803619e-02 -2.587210386991500854e-03 -8.171730637550354004e-01 1.000000000000000000e+00 1.000000000000000000e+00
-1.299999999999998934e+00 -1.577314585447311401e-01 1.767213270068168640e-02 -2.944570034742355347e-03 -7.986722588539123535e-01 1.000000000000000000e+00 1.000000000000000000e+00
-1.199999999999999289e+00 -1.426157951354980469e-01 1.753622666001319885e-02 -3.281712299212813377e-03 -7.809092998504638672e-01 1.000000000000000000e+00 1.000000000000000000e+00
-1.099999999999999645e+00 -1.332609504461288452e-01 1.753553934395313263e-02 -2.623986452817916870e-03 -7.676993608474731445e-01 1.000000000000000000e+00 1.000000000000000000e+00
-1.000000000000000000e+00 -1.190907359123229980e-01 1.741062663495540619e-02 -2.769655780866742134e-03 -7.512472271919250488e-01 1.000000000000000000e+00 1.000000000000000000e+00
-9.000000000000003553e-01 -1.075760126113891602e-01 1.738894730806350708e-02 -2.446731319651007652e-03 -7.369089722633361816e-01 1.000000000000000000e+00 1.000000000000000000e+00
-7.999999999999989342e-01 -9.587854146957397461e-02 1.730670407414436340e-02 -2.180365379899740219e-03 -7.228153944015502930e-01 1.000000000000000000e+00 1.000000000000000000e+00
-6.999999999999992895e-01 -8.017289638519287109e-02 1.721905544400215149e-02 -2.469069790095090866e-03 -7.059531211853027344e-01 1.000000000000000000e+00 1.000000000000000000e+00
-5.999999999999996447e-01 -7.228903472423553467e-02 1.721261069178581238e-02 -1.621331437490880489e-03 -6.950563788414001465e-01 1.000000000000000000e+00 1.000000000000000000e+00
-5.000000000000000000e-01 -5.755310505628585815e-02 1.715617626905441284e-02 -1.733780489303171635e-03 -6.792904138565063477e-01 1.000000000000000000e+00 1.000000000000000000e+00
-3.999999999999985789e-01 -4.839473590254783630e-02 1.712812110781669617e-02 -1.078448956832289696e-03 -6.679847240447998047e-01 1.000000000000000000e+00 1.000000000000000000e+00
-2.999999999999989342e-01 -3.466132283210754395e-02 1.711382530629634857e-02 -1.026963698677718639e-03 -6.533191800117492676e-01 1.000000000000000000e+00 1.000000000000000000e+00
-1.999999999999992895e-01 -2.430042065680027008e-02 1.705614104866981506e-02 -5.372521118260920048e-04 -6.416301131248474121e-01 1.000000000000000000e+00 1.000000000000000000e+00
-9.999999999999964473e-02 -1.157424878329038620e-02 1.709189079701900482e-02 -3.403316077310591936e-04 -6.281262636184692383e-01 1.000000000000000000e+00 1.000000000000000000e+00
0.000000000000000000e+00 -7.692596568631415721e-07 1.700183376669883728e-02 1.371237061675856239e-07 -6.159368753433227539e-01 1.000000000000000000e+00 1.000000000000000000e+00
1.000000000000014211e-01 1.157586183398962021e-02 1.709190197288990021e-02 3.399993584025651217e-04 -6.281272768974304199e-01 1.000000000000000000e+00 1.000000000000000000e+00
2.000000000000010658e-01 2.430075965821743011e-02 1.705611869692802429e-02 5.372134037315845490e-04 -6.416304111480712891e-01 1.000000000000000000e+00 1.000000000000000000e+00
3.000000000000007105e-01 3.466076031327247620e-02 1.711379736661911011e-02 1.027083024382591248e-03 -6.533188819885253906e-01 1.000000000000000000e+00 1.000000000000000000e+00
4.000000000000003553e-01 4.839447885751724243e-02 1.712806522846221924e-02 1.078492030501365662e-03 -6.679845452308654785e-01 1.000000000000000000e+00 1.000000000000000000e+00
5.000000000000000000e-01 5.755210295319557190e-02 1.715610362589359283e-02 1.734003657475113869e-03 -6.792898774147033691e-01 1.000000000000000000e+00 1.000000000000000000e+00
6.000000000000014211e-01 7.228621840476989746e-02 1.721251569688320160e-02 1.621878938749432564e-03 -6.950545907020568848e-01 1.000000000000000000e+00 1.000000000000000000e+00
7.000000000000010658e-01 8.016975224018096924e-02 1.721897348761558533e-02 2.469714032486081123e-03 -7.059511542320251465e-01 1.000000000000000000e+00 1.000000000000000000e+00
8.000000000000007105e-01 9.587441384792327881e-02 1.730658486485481262e-02 2.181186573579907417e-03 -7.228126525878906250e-01 1.000000000000000000e+00 1.000000000000000000e+00
9.000000000000003553e-01 1.075685992836952209e-01 1.738872937858104706e-02 2.448146464303135872e-03 -7.369040250778198242e-01 1.000000000000000000e+00 1.000000000000000000e+00
1.000000000000000000e+00 1.190846785902976990e-01 1.741044037044048309e-02 2.770902356132864952e-03 -7.512431144714355469e-01 1.000000000000000000e+00 1.000000000000000000e+00
1.100000000000001421e+00 1.332518607378005981e-01 1.753532141447067261e-02 2.625796012580394745e-03 -7.676931619644165039e-01 1.000000000000000000e+00 1.000000000000000000e+00
1.200000000000001066e+00 1.425826847553253174e-01 1.753573678433895111e-02 3.287532366812229156e-03 -7.808849215507507324e-01 1.000000000000000000e+00 1.000000000000000000e+00
1.300000000000000711e+00 1.577210426330566406e-01 1.767180487513542175e-02 2.946733031421899796e-03 -7.986649274826049805e-01 1.000000000000000000e+00 1.000000000000000000e+00
1.400000000000000355e+00 1.732303798198699951e-01 1.776888966560363770e-02 2.590616699308156967e-03 -8.171598315238952637e-01 1.000000000000000000e+00 1.000000000000000000e+00
1.500000000000000000e+00 1.813826709985733032e-01 1.780835725367069244e-02 3.359079826623201370e-03 -8.301246762275695801e-01 1.000000000000000000e+00 1.000000000000000000e+00
1.600000000000001421e+00 1.991616338491439819e-01 1.793072186410427094e-02 2.588568720966577530e-03 -8.510854244232177734e-01 1.000000000000000000e+00 1.000000000000000000e+00
1.700000000000001066e+00 2.134183645248413086e-01 1.805940642952919006e-02 2.300938824191689491e-03 -8.694397807121276855e-01 1.000000000000000000e+00 1.000000000000000000e+00
1.800000000000000711e+00 2.237662225961685181e-01 1.808188296854496002e-02 2.758607501164078712e-03 -8.852062821388244629e-01 1.000000000000000000e+00 1.000000000000000000e+00
1.900000000000000355e+00 2.407376021146774292e-01 1.823626086115837097e-02 1.957194879651069641e-03 -9.064558744430541992e-01 1.000000000000000000e+00 1.000000000000000000e+00
2.000000000000000000e+00 2.574336528778076172e-01 1.834424771368503571e-02 1.272213296033442020e-03 -9.282334446907043457e-01 1.000000000000000000e+00 1.000000000000000000e+00
2.100000000000001421e+00 2.662218213081359863e-01 1.839375495910644531e-02 1.872543711215257645e-03 -9.433516263961791992e-01 1.000000000000000000e+00 1.000000000000000000e+00
2.200000000000001066e+00 2.852579057216644287e-01 1.852719299495220184e-02 7.026194944046437740e-04 -9.679053425788879395e-01 1.000000000000000000e+00 1.000000000000000000e+00
2.300000000000000711e+00 3.024843633174896240e-01 1.864271424710750580e-02 -1.864001242211088538e-04 -9.911901950836181641e-01 1.000000000000000000e+00 1.000000000000000000e+00
2.400000000000000355e+00 3.113918900489807129e-01 1.869042590260505676e-02 3.788445901591330767e-04 -1.007645964622497559e+00 1.000000000000000000e+00 1.000000000000000000e+00
2.500000000000000000e+00 3.314963579177856445e-01 1.880904100835323334e-02 -1.049558864906430244e-03 -1.034609913825988770e+00 1.000000000000000000e+00 1.000000000000000000e+00
2.600000000000001421e+00 3.503886461257934570e-01 1.892791129648685455e-02 -2.373376628383994102e-03 -1.060927510261535645e+00 1.000000000000000000e+00 1.000000000000000000e+00
2.700000000000001066e+00 3.667298853397369385e-01 1.900487206876277924e-02 -3.162713721394538879e-03 -1.085712552070617676e+00 1.000000000000000000e+00 1.000000000000000000e+00
2.800000000000000711e+00 3.801936507225036621e-01 1.907697506248950958e-02 -3.535391995683312416e-03 -1.107757568359375000e+00 1.000000000000000000e+00 1.000000000000000000e+00
2.900000000000000355e+00 4.002912938594818115e-01 1.917531527578830719e-02 -5.103264469653367996e-03 -1.137128353118896484e+00 1.000000000000000000e+00 1.000000000000000000e+00
3.000000000000000000e+00 4.176810979843139648e-01 1.925250701606273651e-02 -6.164998747408390045e-03 -1.164331078529357910e+00 1.000000000000000000e+00 1.000000000000000000e+00
3.100000000000001421e+00 4.293026328086853027e-01 1.931694149971008301e-02 -6.225942168384790421e-03 -1.186148762702941895e+00 1.000000000000000000e+00 1.000000000000000000e+00
3.200000000000001066e+00 4.496713578701019287e-01 1.939387060701847076e-02 -7.841508835554122925e-03 -1.217767000198364258e+00 1.000000000000000000e+00 1.000000000000000000e+00
3.300000000000000711e+00 4.664508402347564697e-01 1.946997083723545074e-02 -8.909499272704124451e-03 -1.245833873748779297e+00 1.000000000000000000e+00 1.000000000000000000e+00
3.400000000000000355e+00 4.787028729915618896e-01 1.953173428773880005e-02 -9.087712503969669342e-03 -1.269779324531555176e+00 1.000000000000000000e+00 1.000000000000000000e+00
3.500000000000000000e+00 4.983087480068206787e-01 1.959517784416675568e-02 -1.066282019019126892e-02 -1.302307844161987305e+00 1.000000000000000000e+00 1.000000000000000000e+00
3.600000000000001421e+00 5.150033235549926758e-01 1.966322585940361023e-02 -1.174175180494785309e-02 -1.332085013389587402e+00 1.000000000000000000e+00 1.000000000000000000e+00
3.700000000000001066e+00 5.285646915435791016e-01 1.972207799553871155e-02 -1.217292807996273041e-02 -1.359211564064025879e+00 1.000000000000000000e+00 1.000000000000000000e+00
3.800000000000000711e+00 5.474546551704406738e-01 1.977621018886566162e-02 -1.371660921722650528e-02 -1.392570495605468750e+00 1.000000000000000000e+00 1.000000000000000000e+00
3.900000000000000355e+00 5.635931491851806641e-01 1.983903162181377411e-02 -1.471452694386243820e-02 -1.423479914665222168e+00 1.000000000000000000e+00 1.000000000000000000e+00
4.000000000000000000e+00 5.787692666053771973e-01 1.989244855940341949e-02 -1.553324237465858459e-02 -1.454035997390747070e+00 1.000000000000000000e+00 1.000000000000000000e+00
4.100000000000001421e+00 5.970773100852966309e-01 1.994197070598602295e-02 -1.700310781598091125e-02 -1.488579988479614258e+00 1.000000000000000000e+00 1.000000000000000000e+00
4.200000000000001066e+00 6.121603846549987793e-01 2.000418491661548615e-02 -1.781924068927764893e-02 -1.520261526107788086e+00 1.000000000000000000e+00 1.000000000000000000e+00
4.300000000000000711e+00 6.296633481979370117e-01 2.003953419625759125e-02 -1.916701160371303558e-02 -1.555121421813964844e+00 1.000000000000000000e+00 1.000000000000000000e+00
4.400000000000000355e+00 6.471967697143554688e-01 2.008219994604587555e-02 -2.052276022732257843e-02 -1.590687990188598633e+00 1.000000000000000000e+00 1.000000000000000000e+00
4.500000000000000000e+00 6.625676751136779785e-01 2.013905160129070282e-02 -2.144287526607513428e-02 -1.624564170837402344e+00 1.000000000000000000e+00 1.000000000000000000e+00
4.600000000000001421e+00 6.812232732772827148e-01 2.015504054725170135e-02 -2.306294627487659454e-02 -1.662529468536376953e+00 1.000000000000000000e+00 1.000000000000000000e+00
4.700000000000001066e+00 6.981207728385925293e-01 2.019941434264183044e-02 -2.433121763169765472e-02 -1.699514150619506836e+00 1.000000000000000000e+00 1.000000000000000000e+00
4.800000000000000711e+00 7.154479622840881348e-01 2.022784389555454254e-02 -2.568301931023597717e-02 -1.737445473670959473e+00 1.000000000000000000e+00 1.000000000000000000e+00
4.900000000000000355e+00 7.334710955619812012e-01 2.024560980498790741e-02 -2.721709571778774261e-02 -1.776934385299682617e+00 1.000000000000000000e+00 1.000000000000000000e+00
5.000000000000000000e+00 7.504957318305969238e-01 2.029661647975444794e-02 -2.854632772505283356e-02 -1.815851926803588867e+00 1.000000000000000000e+00 1.000000000000000000e+00
5.100000000000001421e+00 7.689460515975952148e-01 2.029464580118656158e-02 -3.015548549592494965e-02 -1.857329249382019043e+00 1.000000000000000000e+00 1.000000000000000000e+00
5.200000000000001066e+00 7.869360446929931641e-01 2.031964436173439026e-02 -3.171695768833160400e-02 -1.898788809776306152e+00 1.000000000000000000e+00 1.000000000000000000e+00
5.300000000000000711e+00 7.985268831253051758e-01 2.037797123193740845e-02 -3.203941136598587036e-02 -1.931604266166687012e+00 1.000000000000000000e+00 1.000000000000000000e+00
5.400000000000000355e+00 8.047752976417541504e-01 2.043294161558151245e-02 -3.140057250857353210e-02 -1.955837845802307129e+00 1.000000000000000000e+00 1.000000000000000000e+00
5.500000000000000000e+00 8.117781281471252441e-01 2.050499804317951202e-02 -3.084327280521392822e-02 -1.982795834541320801e+00 1.000000000000000000e+00 1.000000000000000000e+00
5.600000000000001421e+00 8.179149031639099121e-01 2.057249657809734344e-02 -3.016854636371135712e-02 -2.007539033889770508e+00 1.000000000000000000e+00 1.000000000000000000e+00
5.700000000000001066e+00 8.247397541999816895e-01 2.064966969192028046e-02 -2.957078069448471069e-02 -2.034330844879150391e+00 1.000000000000000000e+00 1.000000000000000000e+00
5.800000000000000711e+00 8.308901190757751465e-01 2.073216065764427185e-02 -2.887774817645549774e-02 -2.059362173080444336e+00 1.000000000000000000e+00 1.000000000000000000e+00
5.900000000000000355e+00 8.374972939491271973e-01 2.081521414220333099e-02 -2.823372557759284973e-02 -2.086557388305664062e+00 1.000000000000000000e+00 1.000000000000000000e+00
6.000000000000000000e+00 8.436971306800842285e-01 2.091168239712715149e-02 -2.752973698079586029e-02 -2.112745523452758789e+00 1.000000000000000000e+00 1.000000000000000000e+00
6.100000000000001421e+00 8.500402569770812988e-01 2.100232616066932678e-02 -2.683273330330848694e-02 -2.139616966247558594e+00 1.000000000000000000e+00 1.000000000000000000e+00
6.199999999999999289e+00 8.563440442085266113e-01 2.111085131764411926e-02 -2.612822130322456360e-02 -2.166381597518920898e+00 1.000000000000000000e+00 1.000000000000000000e+00
6.300000000000000711e+00 8.623511791229248047e-01 2.121008187532424927e-02 -2.536678686738014221e-02 -2.192758798599243164e+00 1.000000000000000000e+00 1.000000000000000000e+00
6.400000000000002132e+00 8.688799738883972168e-01 2.133016102015972137e-02 -2.468358911573886871e-02 -2.221241474151611328e+00 1.000000000000000000e+00 1.000000000000000000e+00
6.500000000000000000e+00 8.744210600852966309e-01 2.143860049545764923e-02 -2.383632771670818329e-02 -2.247293472290039062e+00 1.000000000000000000e+00 1.000000000000000000e+00
6.600000000000001421e+00 8.809935450553894043e-01 2.156371623277664185e-02 -2.314823493361473083e-02 -2.276258230209350586e+00 1.000000000000000000e+00 1.000000000000000000e+00
6.699999999999999289e+00 8.862541913986206055e-01 2.168744057416915894e-02 -2.224441803991794586e-02 -2.301798820495605469e+00 1.000000000000000000e+00 1.000000000000000000e+00
6.800000000000000711e+00 8.923589587211608887e-01 2.181309275329113007e-02 -2.146924287080764771e-02 -2.329919576644897461e+00 1.000000000000000000e+00 1.000000000000000000e+00
6.900000000000002132e+00 8.978868126869201660e-01 2.195674180984497070e-02 -2.059976756572723389e-02 -2.357229948043823242e+00 1.000000000000000000e+00 1.000000000000000000e+00
7.000000000000000000e+00 9.034324288368225098e-01 2.208986878395080566e-02 -1.972310617566108704e-02 -2.384940624237060547e+00 1.000000000000000000e+00 1.000000000000000000e+00
7.100000000000001421e+00 9.094565510749816895e-01 2.224723249673843384e-02 -1.892864890396595001e-02 -2.413932323455810547e+00 1.000000000000000000e+00 1.000000000000000000e+00
7.199999999999999289e+00 9.142170548439025879e-01 2.239118702709674835e-02 -1.791206933557987213e-02 -2.439800262451171875e+00 1.000000000000000000e+00 1.000000000000000000e+00
7.300000000000000711e+00 9.202170968055725098e-01 2.254858240485191345e-02 -1.710425317287445068e-02 -2.469162702560424805e+00 1.000000000000000000e+00 1.000000000000000000e+00
7.400000000000002132e+00 9.248359799385070801e-01 2.271514013409614563e-02 -1.605924405157566071e-02 -2.495105981826782227e+00 1.000000000000000000e+00 1.000000000000000000e+00
7.500000000000000000e+00 9.300815463066101074e-01 2.287292666733264923e-02 -1.511454395949840546e-02 -2.523613214492797852e+00 1.000000000000000000e+00 1.000000000000000000e+00
7.600000000000001421e+00 9.356634616851806641e-01 2.305800840258598328e-02 -1.423231419175863266e-02 -2.552890062332153320e+00 1.000000000000000000e+00 1.000000000000000000e+00
7.699999999999999289e+00 9.399251341819763184e-01 2.322608418762683868e-02 -1.311235968023538589e-02 -2.578907966613769531e+00 1.000000000000000000e+00 1.000000000000000000e+00
7.800000000000000711e+00 9.456452727317810059e-01 2.340327948331832886e-02 -1.224641595035791397e-02 -2.608996152877807617e+00 1.000000000000000000e+00 1.000000000000000000e+00
7.900000000000002132e+00 9.499513506889343262e-01 2.359764836728572845e-02 -1.113496068865060806e-02 -2.635175943374633789e+00 1.000000000000000000e+00 1.000000000000000000e+00
8.000000000000000000e+00 9.546226263046264648e-01 2.377700805664062500e-02 -1.008025370538234711e-02 -2.662726640701293945e+00 1.000000000000000000e+00 1.000000000000000000e+00
8.100000000000001421e+00 nan nan nan nan 1.000000000000000000e+00 1.000000000000000000e+00
8.199999999999999289e+00 9.639505147933959961e-01 2.417777292430400848e-02 -7.974077947437763214e-03 -2.719375848770141602e+00 1.000000000000000000e+00 1.000000000000000000e+00
8.300000000000000711e+00 9.689140319824218750e-01 2.436848171055316925e-02 -6.969096604734659195e-03 -2.748852491378784180e+00 1.000000000000000000e+00 1.000000000000000000e+00
8.400000000000002132e+00 9.742799997329711914e-01 2.459299005568027496e-02 -6.043000146746635437e-03 -2.779095649719238281e+00 1.000000000000000000e+00 1.000000000000000000e+00
8.500000000000000000e+00 9.776040911674499512e-01 2.479694411158561707e-02 -4.749224055558443069e-03 -2.804218292236328125e+00 1.000000000000000000e+00 1.000000000000000000e+00
8.600000000000001421e+00 9.828105568885803223e-01 2.500044368207454681e-02 -3.788704751059412956e-03 -2.834559679031372070e+00 1.000000000000000000e+00 1.000000000000000000e+00
8.699999999999999289e+00 9.875978231430053711e-01 2.523913234472274780e-02 -2.762581920251250267e-03 -2.863545894622802734e+00 1.000000000000000000e+00 1.000000000000000000e+00
8.800000000000000711e+00 9.909399151802062988e-01 2.545525692403316498e-02 -1.475136028602719307e-03 -2.889792203903198242e+00 1.000000000000000000e+00 1.000000000000000000e+00
8.900000000000002132e+00 9.962972402572631836e-01 2.567110024392604828e-02 -5.450668395496904850e-04 -2.921626329421997070e+00 1.000000000000000000e+00 1.000000000000000000e+00
9.000000000000000000e+00 1.000951766967773438e+00 2.592487446963787079e-02 4.990368615835905075e-04 -2.951127290725708008e+00 1.000000000000000000e+00 1.000000000000000000e+00
9.100000000000001421e+00 1.004057407379150391e+00 2.615428715944290161e-02 1.820095581933856010e-03 -2.976903200149536133e+00 1.000000000000000000e+00 1.000000000000000000e+00
9.200000000000002842e+00 1.009371757507324219e+00 2.638031169772148132e-02 2.751554129645228386e-03 -3.008756399154663086e+00 1.000000000000000000e+00 1.000000000000000000e+00
9.300000000000000711e+00 1.014576911926269531e+00 2.665003202855587006e-02 3.690149169415235519e-03 -3.039751291275024414e+00 1.000000000000000000e+00 1.000000000000000000e+00
9.400000000000002132e+00 1.017139315605163574e+00 2.689640596508979797e-02 5.092934705317020416e-03 -3.064134359359741211e+00 1.000000000000000000e+00 1.000000000000000000e+00
9.500000000000000000e+00 1.022126436233520508e+00 2.713231742382049561e-02 6.071630865335464478e-03 -3.095741748809814453e+00 1.000000000000000000e+00 1.000000000000000000e+00
9.600000000000001421e+00 1.028941392898559570e+00 2.741524763405323029e-02 6.720080506056547165e-03 -3.132083177566528320e+00 1.000000000000000000e+00 1.000000000000000000e+00
9.700000000000002842e+00 1.030527710914611816e+00 2.768264897167682648e-02 8.272979408502578735e-03 -3.154703378677368164e+00 1.000000000000000000e+00 1.000000000000000000e+00
9.800000000000000711e+00 1.034793257713317871e+00 2.793328091502189636e-02 9.360133670270442963e-03 -3.184892892837524414e+00 1.000000000000000000e+00 1.000000000000000000e+00
9.900000000000002132e+00 1.042486786842346191e+00 2.820718847215175629e-02 9.851840324699878693e-03 -3.223929166793823242e+00 1.000000000000000000e+00 1.000000000000000000e+00
1.000000000000000000e+01 1.044657707214355469e+00 2.851118519902229309e-02 1.127598714083433151e-02 -3.247816085815429688e+00 1.000000000000000000e+00 1.000000000000000000e+00
1.010000000000000142e+01 1.047788381576538086e+00 2.878795377910137177e-02 1.253286469727754593e-02 -3.274806499481201172e+00 1.000000000000000000e+00 1.000000000000000000e+00
1.020000000000000284e+01 1.053861737251281738e+00 2.905187383294105530e-02 1.329027675092220306e-02 -3.309912919998168945e+00 1.000000000000000000e+00 1.000000000000000000e+00
1.030000000000000071e+01 1.060343265533447266e+00 2.937755174934864044e-02 1.396033726632595062e-02 -3.345651865005493164e+00 1.000000000000000000e+00 1.000000000000000000e+00
1.040000000000000213e+01 1.061681270599365234e+00 2.968869358301162720e-02 1.548977475613355637e-02 -3.368455410003662109e+00 1.000000000000000000e+00 1.000000000000000000e+00
1.050000000000000000e+01 1.065813660621643066e+00 2.997414022684097290e-02 1.654848270118236542e-02 -3.399379730224609375e+00 1.000000000000000000e+00 1.000000000000000000e+00
1.060000000000000142e+01 1.074090123176574707e+00 3.026510961353778839e-02 1.691793650388717651e-02 -3.441402196884155273e+00 1.000000000000000000e+00 1.000000000000000000e+00
1.070000000000000284e+01 1.077336668968200684e+00 3.062300570309162140e-02 1.809174194931983948e-02 -3.468951225280761719e+00 1.000000000000000000e+00 1.000000000000000000e+00
1.080000000000000071e+01 1.079280614852905273e+00 3.095357120037078857e-02 1.947239227592945099e-02 -3.493472814559936523e+00 1.000000000000000000e+00 1.000000000000000000e+00
1.090000000000000213e+01 1.084200859069824219e+00 3.125348314642906189e-02 2.036494947969913483e-02 -3.526629686355590820e+00 1.000000000000000000e+00 1.000000000000000000e+00
1.100000000000000000e+01 1.094799637794494629e+00 3.157771751284599304e-02 2.033631689846515656e-02 -3.574649095535278320e+00 1.000000000000000000e+00 1.000000000000000000e+00
1.110000000000000142e+01 1.095517992973327637e+00 3.196649253368377686e-02 2.186192572116851807e-02 -3.595225334167480469e+00 1.000000000000000000e+00 1.000000000000000000e+00
1.120000000000000284e+01 1.097585439682006836e+00 3.232651576399803162e-02 2.316106669604778290e-02 -3.620374917984008789e+00 1.000000000000000000e+00 1.000000000000000000e+00
1.130000000000000071e+01 1.102802753448486328e+00 3.264766931533813477e-02 2.396160364151000977e-02 -3.655487537384033203e+00 1.000000000000000000e+00 1.000000000000000000e+00
1.140000000000000213e+01 1.114470601081848145e+00 3.298268839716911316e-02 2.375343069434165955e-02 -3.708033800125122070e+00 1.000000000000000000e+00 1.000000000000000000e+00
1.150000000000000000e+01 1.114889264106750488e+00 3.341338038444519043e-02 2.524981647729873657e-02 -3.728457450866699219e+00 1.000000000000000000e+00 1.000000000000000000e+00
1.160000000000000142e+01 1.116245865821838379e+00 3.381875529885292053e-02 2.658743038773536682e-02 -3.751921892166137695e+00 1.000000000000000000e+00 1.000000000000000000e+00
1.170000000000000284e+01 1.120846390724182129e+00 3.417092189192771912e-02 2.744159288704395294e-02 -3.785230159759521484e+00 1.000000000000000000e+00 1.000000000000000000e+00
1.180000000000000071e+01 1.131050348281860352e+00 3.449980542063713074e-02 2.744058519601821899e-02 -3.834287881851196289e+00 1.000000000000000000e+00 1.000000000000000000e+00
1.190000000000000213e+01 1.135578513145446777e+00 3.495232015848159790e-02 2.825979329645633698e-02 -3.866077899932861328e+00 1.000000000000000000e+00 1.000000000000000000e+00
1.200000000000000000e+01 1.134182929992675781e+00 3.539646416902542114e-02 2.997018769383430481e-02 -3.882007360458374023e+00 1.000000000000000000e+00 1.000000000000000000e+00
1.210000000000000142e+01 1.136406302452087402e+00 3.580412268638610840e-02 3.112202137708663940e-02 -3.908386468887329102e+00 1.000000000000000000e+00 1.000000000000000000e+00
1.220000000000000284e+01 1.143124461174011230e+00 3.616067394614219666e-02 3.161159530282020569e-02 -3.948684692382812500e+00 1.000000000000000000e+00 1.000000000000000000e+00
1.230000000000000071e+01 1.158570408821105957e+00 3.655563294887542725e-02 3.079578280448913574e-02 -4.013276576995849609e+00 1.000000000000000000e+00 1.000000000000000000e+00
1.240000000000000213e+01 1.154024600982666016e+00 3.706000745296478271e-02 3.286468982696533203e-02 -4.020913124084472656e+00 1.000000000000000000e+00 1.000000000000000000e+00
1.250000000000000000e+01 1.152846097946166992e+00 3.756605833768844604e-02 3.437829390168190002e-02 -4.037950992584228516e+00 1.000000000000000000e+00 1.000000000000000000e+00
1.260000000000000142e+01 1.155602574348449707e+00 3.802232816815376282e-02 3.532775491476058960e-02 -4.066627979278564453e+00 1.000000000000000000e+00 1.000000000000000000e+00
1.270000000000000284e+01 1.163272380828857422e+00 3.839756920933723450e-02 3.563360124826431274e-02 -4.110231876373291016e+00 1.000000000000000000e+00 1.000000000000000000e+00
1.280000000000000071e+01 1.178485155105590820e+00 3.879356384277343750e-02 3.491519764065742493e-02 -4.174826622009277344e+00 1.000000000000000000e+00 1.000000000000000000e+00
1.290000000000000213e+01 1.173180699348449707e+00 3.940413147211074829e-02 3.684101998805999756e-02 -4.179278373718261719e+00 1.000000000000000000e+00 1.000000000000000000e+00
1.300000000000000000e+01 1.171230673789978027e+00 4.000771045684814453e-02 3.824634104967117310e-02 -4.193251132965087891e+00 1.000000000000000000e+00 1.000000000000000000e+00
1.310000000000000142e+01 1.172513365745544434e+00 4.055624082684516907e-02 3.922376409173011780e-02 -4.217074871063232422e+00 1.000000000000000000e+00 1.000000000000000000e+00
1.320000000000000284e+01 1.178520202636718750e+00 4.099596291780471802e-02 3.966385871171951294e-02 -4.255554676055908203e+00 1.000000000000000000e+00 1.000000000000000000e+00
1.330000000000000071e+01 1.193938374519348145e+00 4.130029305815696716e-02 3.904455155134201050e-02 -4.323875427246093750e+00 1.000000000000000000e+00 1.000000000000000000e+00
1.340000000000000213e+01 1.193611979484558105e+00 4.196681082248687744e-02 4.013600945472717285e-02 -4.343073844909667969e+00 1.000000000000000000e+00 1.000000000000000000e+00
1.350000000000000000e+01 1.188799023628234863e+00 4.271864518523216248e-02 4.163441061973571777e-02 -4.348354339599609375e+00 1.000000000000000000e+00 1.000000000000000000e+00
1.360000000000000142e+01 1.187041997909545898e+00 4.342706128954887390e-02 4.273999854922294617e-02 -4.363011837005615234e+00 1.000000000000000000e+00 1.000000000000000000e+00
1.370000000000000284e+01 1.188603281974792480e+00 4.404438287019729614e-02 4.349557310342788696e-02 -4.388370037078857422e+00 1.000000000000000000e+00 1.000000000000000000e+00
1.380000000000000071e+01 1.195176959037780762e+00 4.450497776269912720e-02 4.379991814494132996e-02 -4.430121421813964844e+00 1.000000000000000000e+00 1.000000000000000000e+00
1.390000000000000213e+01 1.215674638748168945e+00 4.469246789813041687e-02 4.282260686159133911e-02 -4.515588760375976562e+00 1.000000000000000000e+00 1.000000000000000000e+00
1.400000000000000000e+01 1.209264159202575684e+00 4.557638615369796753e-02 4.425571113824844360e-02 -4.515008926391601562e+00 1.000000000000000000e+00 1.000000000000000000e+00
1.410000000000000142e+01 1.202467918395996094e+00 4.652041941881179810e-02 4.558647796511650085e-02 -4.512738227844238281e+00 1.000000000000000000e+00 1.000000000000000000e+00
1.420000000000000284e+01 1.197879910469055176e+00 4.744045436382293701e-02 4.663108289241790771e-02 -4.517257213592529297e+00 1.000000000000000000e+00 1.000000000000000000e+00
1.430000000000000071e+01 1.196104526519775391e+00 4.827583953738212585e-02 4.740802198648452759e-02 -4.530959606170654297e+00 1.000000000000000000e+00 1.000000000000000000e+00
1.440000000000000213e+01 1.198131680488586426e+00 4.895476996898651123e-02 4.791170358657836914e-02 -4.557528972625732422e+00 1.000000000000000000e+00 1.000000000000000000e+00
1.450000000000000000e+01 1.206378221511840820e+00 4.937845095992088318e-02 4.803897812962532043e-02 -4.605046749114990234e+00 1.000000000000000000e+00 1.000000000000000000e+00
1.460000000000000142e+01 1.226125359535217285e+00 4.951936379075050354e-02 4.740751534700393677e-02 -4.691041946411132812e+00 1.000000000000000000e+00 1.000000000000000000e+00
1.470000000000000284e+01 1.215768098831176758e+00 5.072059109807014465e-02 4.863755777478218079e-02 -4.676347732543945312e+00 1.000000000000000000e+00 1.000000000000000000e+00
1.480000000000000071e+01 1.206426024436950684e+00 5.197134986519813538e-02 4.963102564215660095e-02 -4.664294719696044922e+00 1.000000000000000000e+00 1.000000000000000000e+00
1.490000000000000213e+01 1.198220372200012207e+00 5.324490368366241455e-02 5.041756108403205872e-02 -4.655528068542480469e+00 1.000000000000000000e+00 1.000000000000000000e+00
1.500000000000000000e+01 1.191437959671020508e+00 5.450231209397315979e-02 5.102570727467536926e-02 -4.651257991790771484e+00 1.000000000000000000e+00 1.000000000000000000e+00
1.510000000000000142e+01 1.186677455902099609e+00 5.568799376487731934e-02 5.147803947329521179e-02 -4.653827190399169922e+00 1.000000000000000000e+00 1.000000000000000000e+00
1.520000000000000284e+01 1.185420393943786621e+00 5.668078735470771790e-02 5.179165303707122803e-02 -4.668834209442138672e+00 1.000000000000000000e+00 1.000000000000000000e+00
1.530000000000000071e+01 1.192174434661865234e+00 5.717639625072479248e-02 5.193741247057914734e-02 -4.712884426116943359e+00 1.000000000000000000e+00 1.000000000000000000e+00
1.540000000000000213e+01 1.221839666366577148e+00 5.652789771556854248e-02 5.150371417403221130e-02 -4.837850093841552734e+00 1.000000000000000000e+00 1.000000000000000000e+00
1.550000000000000000e+01 1.208576917648315430e+00 5.818971246480941772e-02 5.213428288698196411e-02 -4.809856414794921875e+00 1.000000000000000000e+00 1.000000000000000000e+00
1.560000000000000142e+01 1.195375561714172363e+00 5.997243151068687439e-02 5.254779011011123657e-02 -4.780936717987060547e+00 1.000000000000000000e+00 1.000000000000000000e+00
1.570000000000000284e+01 1.182089209556579590e+00 6.187708303332328796e-02 5.275761336088180542e-02 -4.750600337982177734e+00 1.000000000000000000e+00 1.000000000000000000e+00
1.580000000000000071e+01 1.168530344963073730e+00 6.392238289117813110e-02 5.276663973927497864e-02 -4.718134880065917969e+00 1.000000000000000000e+00 1.000000000000000000e+00
1.590000000000000213e+01 1.154478311538696289e+00 6.612226366996765137e-02 5.257577076554298401e-02 -4.682664871215820312e+00 1.000000000000000000e+00 1.000000000000000000e+00
1.600000000000000000e+01 1.139624953269958496e+00 6.851913779973983765e-02 5.216882005333900452e-02 -4.642861366271972656e+00 1.000000000000000000e+00 1.000000000000000000e+00
1.610000000000000142e+01 1.123525261878967285e+00 7.116214931011199951e-02 5.152279511094093323e-02 -4.596805095672607422e+00 1.000000000000000000e+00 1.000000000000000000e+00
1.620000000000000284e+01 1.105447530746459961e+00 7.416124641895294189e-02 5.057500302791595459e-02 -4.541227817535400391e+00 1.000000000000000000e+00 1.000000000000000000e+00
1.630000000000000071e+01 1.084202051162719727e+00 7.768238335847854614e-02 4.922265931963920593e-02 -4.470800876617431641e+00 1.000000000000000000e+00 1.000000000000000000e+00
1.640000000000000213e+01 1.058027148246765137e+00 8.203141391277313232e-02 4.725847020745277405e-02 -4.377097129821777344e+00 1.000000000000000000e+00 1.000000000000000000e+00
1.650000000000000000e+01 nan nan nan nan 1.000000000000000000e+00 1.000000000000000000e+00
1.660000000000000142e+01 9.808912873268127441e-01 9.545838832855224609e-02 3.993916139006614685e-02 -4.064668178558349609e+00 1.000000000000000000e+00 1.000000000000000000e+00
2.660000000000000142e+01 9.808912873268127441e-01 9.545838832855224609e-02 3.993916139006614685e-02 -4.064668178558349609e+00 1.000000000000000000e+00 1.000000000000000000e+00

